%YAML:1.0
---
aruco_bc_dict: ARUCO_MIP_36h12
aruco_bc_nmarkers: 49
aruco_bc_mInfoType: 1
aruco_bc_markers:
   - { id:200, corners:[ [ -1.4999999105930328e-01,
       -1.1999999731779099e-01, 0. ], [ -1.1999999731779099e-01,
       -1.1999999731779099e-01, 0. ], [ -1.1999999731779099e-01,
       -1.4999999105930328e-01, 0. ], [ -1.4999999105930328e-01,
       -1.4999999105930328e-01, 0. ] ] }
   - { id:201, corners:[ [ -1.0499999672174454e-01,
       -1.1999999731779099e-01, 0. ], [ -7.4999995529651642e-02,
       -1.1999999731779099e-01, 0. ], [ -7.4999995529651642e-02,
       -1.4999999105930328e-01, 0. ], [ -1.0499999672174454e-01,
       -1.4999999105930328e-01, 0. ] ] }
   - { id:202, corners:[ [ -5.9999998658895493e-02,
       -1.1999999731779099e-01, 0. ], [ -2.9999999329447746e-02,
       -1.1999999731779099e-01, 0. ], [ -2.9999999329447746e-02,
       -1.4999999105930328e-01, 0. ], [ -5.9999998658895493e-02,
       -1.4999999105930328e-01, 0. ] ] }
   - { id:203, corners:[ [ -1.4999999664723873e-02,
       -1.1999999731779099e-01, 0. ], [ 1.4999999664723873e-02,
       -1.1999999731779099e-01, 0. ], [ 1.4999999664723873e-02,
       -1.4999999105930328e-01, 0. ], [ -1.4999999664723873e-02,
       -1.4999999105930328e-01, 0. ] ] }
   - { id:204, corners:[ [ 2.9999999329447746e-02,
       -1.1999999731779099e-01, 0. ], [ 5.9999998658895493e-02,
       -1.1999999731779099e-01, 0. ], [ 5.9999998658895493e-02,
       -1.4999999105930328e-01, 0. ], [ 2.9999999329447746e-02,
       -1.4999999105930328e-01, 0. ] ] }
   - { id:205, corners:[ [ 7.4999995529651642e-02,
       -1.1999999731779099e-01, 0. ], [ 1.0499999672174454e-01,
       -1.1999999731779099e-01, 0. ], [ 1.0499999672174454e-01,
       -1.4999999105930328e-01, 0. ], [ 7.4999995529651642e-02,
       -1.4999999105930328e-01, 0. ] ] }
   - { id:206, corners:[ [ 1.1999999731779099e-01,
       -1.1999999731779099e-01, 0. ], [ 1.4999999105930328e-01,
       -1.1999999731779099e-01, 0. ], [ 1.4999999105930328e-01,
       -1.4999999105930328e-01, 0. ], [ 1.1999999731779099e-01,
       -1.4999999105930328e-01, 0. ] ] }
   - { id:207, corners:[ [ -1.4999999105930328e-01,
       -7.4999995529651642e-02, 0. ], [ -1.1999999731779099e-01,
       -7.4999995529651642e-02, 0. ], [ -1.1999999731779099e-01,
       -1.0499999672174454e-01, 0. ], [ -1.4999999105930328e-01,
       -1.0499999672174454e-01, 0. ] ] }
   - { id:208, corners:[ [ -1.0499999672174454e-01,
       -7.4999995529651642e-02, 0. ], [ -7.4999995529651642e-02,
       -7.4999995529651642e-02, 0. ], [ -7.4999995529651642e-02,
       -1.0499999672174454e-01, 0. ], [ -1.0499999672174454e-01,
       -1.0499999672174454e-01, 0. ] ] }
   - { id:209, corners:[ [ -5.9999998658895493e-02,
       -7.4999995529651642e-02, 0. ], [ -2.9999999329447746e-02,
       -7.4999995529651642e-02, 0. ], [ -2.9999999329447746e-02,
       -1.0499999672174454e-01, 0. ], [ -5.9999998658895493e-02,
       -1.0499999672174454e-01, 0. ] ] }
   - { id:210, corners:[ [ -1.4999999664723873e-02,
       -7.4999995529651642e-02, 0. ], [ 1.4999999664723873e-02,
       -7.4999995529651642e-02, 0. ], [ 1.4999999664723873e-02,
       -1.0499999672174454e-01, 0. ], [ -1.4999999664723873e-02,
       -1.0499999672174454e-01, 0. ] ] }
   - { id:211, corners:[ [ 2.9999999329447746e-02,
       -7.4999995529651642e-02, 0. ], [ 5.9999998658895493e-02,
       -7.4999995529651642e-02, 0. ], [ 5.9999998658895493e-02,
       -1.0499999672174454e-01, 0. ], [ 2.9999999329447746e-02,
       -1.0499999672174454e-01, 0. ] ] }
   - { id:212, corners:[ [ 7.4999995529651642e-02,
       -7.4999995529651642e-02, 0. ], [ 1.0499999672174454e-01,
       -7.4999995529651642e-02, 0. ], [ 1.0499999672174454e-01,
       -1.0499999672174454e-01, 0. ], [ 7.4999995529651642e-02,
       -1.0499999672174454e-01, 0. ] ] }
   - { id:213, corners:[ [ 1.1999999731779099e-01,
       -7.4999995529651642e-02, 0. ], [ 1.4999999105930328e-01,
       -7.4999995529651642e-02, 0. ], [ 1.4999999105930328e-01,
       -1.0499999672174454e-01, 0. ], [ 1.1999999731779099e-01,
       -1.0499999672174454e-01, 0. ] ] }
   - { id:214, corners:[ [ -1.4999999105930328e-01,
       -2.9999999329447746e-02, 0. ], [ -1.1999999731779099e-01,
       -2.9999999329447746e-02, 0. ], [ -1.1999999731779099e-01,
       -5.9999998658895493e-02, 0. ], [ -1.4999999105930328e-01,
       -5.9999998658895493e-02, 0. ] ] }
   - { id:215, corners:[ [ -1.0499999672174454e-01,
       -2.9999999329447746e-02, 0. ], [ -7.4999995529651642e-02,
       -2.9999999329447746e-02, 0. ], [ -7.4999995529651642e-02,
       -5.9999998658895493e-02, 0. ], [ -1.0499999672174454e-01,
       -5.9999998658895493e-02, 0. ] ] }
   - { id:216, corners:[ [ -5.9999998658895493e-02,
       -2.9999999329447746e-02, 0. ], [ -2.9999999329447746e-02,
       -2.9999999329447746e-02, 0. ], [ -2.9999999329447746e-02,
       -5.9999998658895493e-02, 0. ], [ -5.9999998658895493e-02,
       -5.9999998658895493e-02, 0. ] ] }
   - { id:217, corners:[ [ -1.4999999664723873e-02,
       -2.9999999329447746e-02, 0. ], [ 1.4999999664723873e-02,
       -2.9999999329447746e-02, 0. ], [ 1.4999999664723873e-02,
       -5.9999998658895493e-02, 0. ], [ -1.4999999664723873e-02,
       -5.9999998658895493e-02, 0. ] ] }
   - { id:218, corners:[ [ 2.9999999329447746e-02,
       -2.9999999329447746e-02, 0. ], [ 5.9999998658895493e-02,
       -2.9999999329447746e-02, 0. ], [ 5.9999998658895493e-02,
       -5.9999998658895493e-02, 0. ], [ 2.9999999329447746e-02,
       -5.9999998658895493e-02, 0. ] ] }
   - { id:219, corners:[ [ 7.4999995529651642e-02,
       -2.9999999329447746e-02, 0. ], [ 1.0499999672174454e-01,
       -2.9999999329447746e-02, 0. ], [ 1.0499999672174454e-01,
       -5.9999998658895493e-02, 0. ], [ 7.4999995529651642e-02,
       -5.9999998658895493e-02, 0. ] ] }
   - { id:220, corners:[ [ 1.1999999731779099e-01,
       -2.9999999329447746e-02, 0. ], [ 1.4999999105930328e-01,
       -2.9999999329447746e-02, 0. ], [ 1.4999999105930328e-01,
       -5.9999998658895493e-02, 0. ], [ 1.1999999731779099e-01,
       -5.9999998658895493e-02, 0. ] ] }
   - { id:221, corners:[ [ -1.4999999105930328e-01,
       1.4999999664723873e-02, 0. ], [ -1.1999999731779099e-01,
       1.4999999664723873e-02, 0. ], [ -1.1999999731779099e-01,
       -1.4999999664723873e-02, 0. ], [ -1.4999999105930328e-01,
       -1.4999999664723873e-02, 0. ] ] }
   - { id:222, corners:[ [ -1.0499999672174454e-01,
       1.4999999664723873e-02, 0. ], [ -7.4999995529651642e-02,
       1.4999999664723873e-02, 0. ], [ -7.4999995529651642e-02,
       -1.4999999664723873e-02, 0. ], [ -1.0499999672174454e-01,
       -1.4999999664723873e-02, 0. ] ] }
   - { id:223, corners:[ [ -5.9999998658895493e-02,
       1.4999999664723873e-02, 0. ], [ -2.9999999329447746e-02,
       1.4999999664723873e-02, 0. ], [ -2.9999999329447746e-02,
       -1.4999999664723873e-02, 0. ], [ -5.9999998658895493e-02,
       -1.4999999664723873e-02, 0. ] ] }
   - { id:224, corners:[ [ -1.4999999664723873e-02,
       1.4999999664723873e-02, 0. ], [ 1.4999999664723873e-02,
       1.4999999664723873e-02, 0. ], [ 1.4999999664723873e-02,
       -1.4999999664723873e-02, 0. ], [ -1.4999999664723873e-02,
       -1.4999999664723873e-02, 0. ] ] }
   - { id:225, corners:[ [ 2.9999999329447746e-02,
       1.4999999664723873e-02, 0. ], [ 5.9999998658895493e-02,
       1.4999999664723873e-02, 0. ], [ 5.9999998658895493e-02,
       -1.4999999664723873e-02, 0. ], [ 2.9999999329447746e-02,
       -1.4999999664723873e-02, 0. ] ] }
   - { id:226, corners:[ [ 7.4999995529651642e-02,
       1.4999999664723873e-02, 0. ], [ 1.0499999672174454e-01,
       1.4999999664723873e-02, 0. ], [ 1.0499999672174454e-01,
       -1.4999999664723873e-02, 0. ], [ 7.4999995529651642e-02,
       -1.4999999664723873e-02, 0. ] ] }
   - { id:227, corners:[ [ 1.1999999731779099e-01,
       1.4999999664723873e-02, 0. ], [ 1.4999999105930328e-01,
       1.4999999664723873e-02, 0. ], [ 1.4999999105930328e-01,
