%YAML:1.0
---
aruco_bc_dict: ARUCO_MIP_36h12
aruco_bc_nmarkers: 49
aruco_bc_mInfoType: 1
aruco_bc_markers:
   - { id:200, corners:[ [ -8.6170002818107605e-02,
       -6.1549998819828033e-02, 0. ], [ -6.1549998819828033e-02,
       -6.1549998819828033e-02, 0. ], [ -6.1549998819828033e-02,
       -8.6170002818107605e-02, 0. ], [ -8.6170002818107605e-02,
       -8.6170002818107605e-02, 0. ] ] }
   - { id:201, corners:[ [ -5.6933749467134476e-02,
       -6.1549998819828033e-02, 0. ], [ -3.2313749194145203e-02,
       -6.1549998819828033e-02, 0. ], [ -3.2313749194145203e-02,
       -8.6170002818107605e-02, 0. ], [ -5.6933749467134476e-02,
       -8.6170002818107605e-02, 0. ] ] }
   - { id:202, corners:[ [ -2.7697499841451645e-02,
       -6.1549998819828033e-02, 0. ], [ -3.0775000341236591e-03,
       -6.1549998819828033e-02, 0. ], [ -3.0775000341236591e-03,
       -8.6170002818107605e-02, 0. ], [ -2.7697499841451645e-02,
       -8.6170002818107605e-02, 0. ] ] }
   - { id:203, corners:[ [ 1.5387500170618296e-03,
       -6.1549998819828033e-02, 0. ], [ 2.6158750057220459e-02,
       -6.1549998819828033e-02, 0. ], [ 2.6158750057220459e-02,
       -8.6170002818107605e-02, 0. ], [ 1.5387500170618296e-03,
       -8.6170002818107605e-02, 0. ] ] }
   - { id:204, corners:[ [ 3.0774999409914017e-02,
       -6.1549998819828033e-02, 0. ], [ 5.5394999682903290e-02,
       -6.1549998819828033e-02, 0. ], [ 5.5394999682903290e-02,
       -8.6170002818107605e-02, 0. ], [ 3.0774999409914017e-02,
       -8.6170002818107605e-02, 0. ] ] }
   - { id:205, corners:[ [ 6.0011249035596848e-02,
       -6.1549998819828033e-02, 0. ], [ 8.4631249308586121e-02,
       -6.1549998819828033e-02, 0. ], [ 8.4631249308586121e-02,
       -8.6170002818107605e-02, 0. ], [ 6.0011249035596848e-02,
       -8.6170002818107605e-02, 0. ] ] }
   - { id:206, corners:[ [ 8.9247502386569977e-02,
       -6.1549998819828033e-02, 0. ], [ 1.1386749893426895e-01,
       -6.1549998819828033e-02, 0. ], [ 1.1386749893426895e-01,
       -8.6170002818107605e-02, 0. ], [ 8.9247502386569977e-02,
       -8.6170002818107605e-02, 0. ] ] }
   - { id:207, corners:[ [ -8.6170002818107605e-02,
       -3.2313749194145203e-02, 0. ], [ -6.1549998819828033e-02,
       -3.2313749194145203e-02, 0. ], [ -6.1549998819828033e-02,
       -5.6933749467134476e-02, 0. ], [ -8.6170002818107605e-02,
       -5.6933749467134476e-02, 0. ] ] }
   - { id:208, corners:[ [ -5.6933749467134476e-02,
       -3.2313749194145203e-02, 0. ], [ -3.2313749194145203e-02,
       -3.2313749194145203e-02, 0. ], [ -3.2313749194145203e-02,
       -5.6933749467134476e-02, 0. ], [ -5.6933749467134476e-02,
       -5.6933749467134476e-02, 0. ] ] }
   - { id:209, corners:[ [ -2.7697499841451645e-02,
       -3.2313749194145203e-02, 0. ], [ -3.0775000341236591e-03,
       -3.2313749194145203e-02, 0. ], [ -3.0775000341236591e-03,
       -5.6933749467134476e-02, 0. ], [ -2.7697499841451645e-02,
       -5.6933749467134476e-02, 0. ] ] }
   - { id:210, corners:[ [ 1.5387500170618296e-03,
       -3.2313749194145203e-02, 0. ], [ 2.6158750057220459e-02,
       -3.2313749194145203e-02, 0. ], [ 2.6158750057220459e-02,
       -5.6933749467134476e-02, 0. ], [ 1.5387500170618296e-03,
       -5.6933749467134476e-02, 0. ] ] }
   - { id:211, corners:[ [ 3.0774999409914017e-02,
       -3.2313749194145203e-02, 0. ], [ 5.5394999682903290e-02,
       -3.2313749194145203e-02, 0. ], [ 5.5394999682903290e-02,
       -5.6933749467134476e-02, 0. ], [ 3.0774999409914017e-02,
       -5.6933749467134476e-02, 0. ] ] }
   - { id:212, corners:[ [ 6.0011249035596848e-02,
       -3.2313749194145203e-02, 0. ], [ 8.4631249308586121e-02,
       -3.2313749194145203e-02, 0. ], [ 8.4631249308586121e-02,
       -5.6933749467134476e-02, 0. ], [ 6.0011249035596848e-02,
       -5.6933749467134476e-02, 0. ] ] }
   - { id:213, corners:[ [ 8.9247502386569977e-02,
       -3.2313749194145203e-02, 0. ], [ 1.1386749893426895e-01,
       -3.2313749194145203e-02, 0. ], [ 1.1386749893426895e-01,
       -5.6933749467134476e-02, 0. ], [ 8.9247502386569977e-02,
       -5.6933749467134476e-02, 0. ] ] }
   - { id:214, corners:[ [ -8.6170002818107605e-02,
       -3.0775000341236591e-03, 0. ], [ -6.1549998819828033e-02,
       -3.0775000341236591e-03, 0. ], [ -6.1549998819828033e-02,
       -2.7697499841451645e-02, 0. ], [ -8.6170002818107605e-02,
       -2.7697499841451645e-02, 0. ] ] }
   - { id:215, corners:[ [ -5.6933749467134476e-02,
       -3.0775000341236591e-03, 0. ], [ -3.2313749194145203e-02,
       -3.0775000341236591e-03, 0. ], [ -3.2313749194145203e-02,
       -2.7697499841451645e-02, 0. ], [ -5.6933749467134476e-02,
       -2.7697499841451645e-02, 0. ] ] }
   - { id:216, corners:[ [ -2.7697499841451645e-02,
       -3.0775000341236591e-03, 0. ], [ -3.0775000341236591e-03,
       -3.0775000341236591e-03, 0. ], [ -3.0775000341236591e-03,
       -2.7697499841451645e-02, 0. ], [ -2.7697499841451645e-02,
       -2.7697499841451645e-02, 0. ] ] }
   - { id:217, corners:[ [ 1.5387500170618296e-03,
       -3.0775000341236591e-03, 0. ], [ 2.6158750057220459e-02,
       -3.0775000341236591e-03, 0. ], [ 2.6158750057220459e-02,
       -2.7697499841451645e-02, 0. ], [ 1.5387500170618296e-03,
       -2.7697499841451645e-02, 0. ] ] }
   - { id:218, corners:[ [ 3.0774999409914017e-02,
       -3.0775000341236591e-03, 0. ], [ 5.5394999682903290e-02,
       -3.0775000341236591e-03, 0. ], [ 5.5394999682903290e-02,
       -2.7697499841451645e-02, 0. ], [ 3.0774999409914017e-02,
       -2.7697499841451645e-02, 0. ] ] }
   - { id:219, corners:[ [ 6.0011249035596848e-02,
       -3.0775000341236591e-03, 0. ], [ 8.4631249308586121e-02,
       -3.0775000341236591e-03, 0. ], [ 8.4631249308586121e-02,
       -2.7697499841451645e-02, 0. ], [ 6.0011249035596848e-02,
       -2.7697499841451645e-02, 0. ] ] }
   - { id:220, corners:[ [ 8.9247502386569977e-02,
       -3.0775000341236591e-03, 0. ], [ 1.1386749893426895e-01,
       -3.0775000341236591e-03, 0. ], [ 1.1386749893426895e-01,
       -2.7697499841451645e-02, 0. ], [ 8.9247502386569977e-02,
       -2.7697499841451645e-02, 0. ] ] }
   - { id:221, corners:[ [ -8.6170002818107605e-02,
       2.6158750057220459e-02, 0. ], [ -6.1549998819828033e-02,
       2.6158750057220459e-02, 0. ], [ -6.1549998819828033e-02,
       1.5387500170618296e-03, 0. ], [ -8.6170002818107605e-02,
       1.5387500170618296e-03, 0. ] ] }
   - { id:222, corners:[ [ -5.6933749467134476e-02,
       2.6158750057220459e-02, 0. ], [ -3.2313749194145203e-02,
       2.6158750057220459e-02, 0. ], [ -3.2313749194145203e-02,
       1.5387500170618296e-03, 0. ], [ -5.6933749467134476e-02,
       1.5387500170618296e-03, 0. ] ] }
   - { id:223, corners:[ [ -2.7697499841451645e-02,
       2.6158750057220459e-02, 0. ], [ -3.0775000341236591e-03,
       2.6158750057220459e-02, 0. ], [ -3.0775000341236591e-03,
       1.5387500170618296e-03, 0. ], [ -2.7697499841451645e-02,
       1.5387500170618296e-03, 0. ] ] }
   - { id:224, corners:[ [ 1.5387500170618296e-03,
       2.6158750057220459e-02, 0. ], [ 2.6158750057220459e-02,
       2.6158750057220459e-02, 0. ], [ 2.6158750057220459e-02,
       1.5387500170618296e-03, 0. ], [ 1.5387500170618296e-03,
       1.5387500170618296e-03, 0. ] ] }
   - { id:225, corners:[ [ 3.0774999409914017e-02,
       2.6158750057220459e-02, 0. ], [ 5.5394999682903290e-02,
       2.6158750057220459e-02, 0. ], [ 5.5394999682903290e-02,
       1.5387500170618296e-03, 0. ], [ 3.0774999409914017e-02,
       1.5387500170618296e-03, 0. ] ] }
   - { id:226, corners:[ [ 6.0011249035596848e-02,
       2.6158750057220459e-02, 0. ], [ 8.4631249308586121e-02,
       2.6158750057220459e-02, 0. ], [ 8.4631249308586121e-02,
       1.5387500170618296e-03, 0. ], [ 6.0011249035596848e-02,
       1.5387500170618296e-03, 0. ] ] }
   - { id:227, corners:[ [ 8.9247502386569977e-02,
       2.6158750057220459e-02, 0. ], [ 1.1386749893426895e-01,
       2.6158750057220459e-02, 0. ], [ 1.1386749893426895e-01,
